 352,  65, 36,Minmaya,0
 362,  80, 37,NakaOguni,3
 374,  83, 38,ShinAomori,6
 390,  80, 39,Aomori,8
 412,  87, 41,Hachinohe,6
 440, 100, 42,Kuji,0
 424, 146, 44,Morioka,3
 458, 132, 45,Moichi,1
 470, 151, 46,Kamaishi,1
 438, 163, 47,ShinHanamaki,0
 430, 165, 48,Hanamaki,3
 445, 112, 49,Iwaizumi,0
 436, 174, 50,Kitakami,1
 446, 200, 51,Ichinoseki,3
 455, 223, 52,Kogota,6
 456, 241, 53,Iwakiri,0
 459, 234, 54,Rifu,0
 368,  99, 55,Kawabe,0
 378, 117, 56,Oodate,0
 360, 139, 57,HigashiNoshiro,0
 370, 163, 58,Oiwake,0
 451, 244, 59,Aobadoori,0
 375, 171, 60,Akita,3
 396, 178, 61,Oomagari,6
 408, 188, 62,Yokote,3
 448, 225, 63,Furukawa,7
 386, 232, 64,Amarume,3
 408, 224, 65,Shinjou,8
 454, 249, 66,Sendai,1
 426, 249, 67,UzenChitose,0
 427, 258, 68,KitaYamagata,5
 415, 254, 69,Aterazawa,0
 429, 292, 70,Yonezawa,4
 458, 260, 71,Iwanuma,1
 448, 292, 72,Fukushima,1
 487, 329, 73,Iwaki,1
 455, 317, 74,Kooriyama,5
 450, 328, 75,AsakaNagamori,7
 479, 373, 76,KamiSugaya,0
 481, 360, 77,HitachiOota,0
 487, 383, 78,Mito,1
 453, 340, 79,ShinShirakawa,0
 449, 359, 80,NasuShiobara,0
 456, 373, 81,Houshakuji,0
 461, 366, 82,Karasuyama,0
 453, 383, 83,Utsunomiya,7
 432, 378, 84,Nikkou,0
 456, 398, 85,Oyama,1
 454, 428, 86,Oomiya,2
 434, 423, 87,Kumagaya,0
 421, 418, 88,Kuragano,8
 414, 420, 89,Takasaki,3
 417, 412, 90,ShinMaebashi,1
 406, 402, 91,Shibukawa,0
 391, 387, 92,EchigoYuzawa,1
 393, 378, 93,Muikamachi,0
 386, 373, 94,Urasa,0
 389, 363, 95,Koide,0
 378, 359, 96,EchigoKawaguchi,1
 376, 380, 97,Tookamachi,0
 401, 425, 98,Karuizawa,0
 390, 434, 99,Komoro,0
 394, 441,100,Sakudaira,0
 354, 166,101,Oga,0
 364, 427,102,Shinonoi,0
 366, 419,103,Nagano,3
 355, 382,105,Naoetsu,3
 359, 376,106,Saigata,0
 362, 367,107,Kashiwazaki,3
 373, 352,108,Miyauchi,3
 377, 344,109,Nagaoka,1
 380, 327,110,HigashiSanjou,0
 374, 327,111,TsubameSanjou,0
 369, 332,112,Yoshida,0
 387, 297,113,Sakamachi,3
 386, 306,114,Shibata,0
 429, 323,115,AizuWakamatsu,8
 383, 319,116,Niitsu,5
 372, 315,117,Niigata,3
 462, 221,118,Maeyachi,1
 480, 388,119,Tomobe,0
 481, 421,120,Abiko,0
 520, 418,121,Choushi,0
 513, 424,122,Matsugishi,6
 507, 419,123,Katori,0
 505, 405,124,KashimaSoccer,0
 493, 425,125,Narita,6
 508, 434,126,Narutou,1
 497, 433,127,Sakura,3
 499, 425,128,NaritaAirport,0
 493, 441,129,Chiba,0
 494, 450,130,Soga,3
 489, 464,131,Kisarazu,0
 500, 468,132,KazusaKameyama,0
 507, 445,133,Ooami,1
 502, 478,134,AwaKamogawa,8
 487, 444,135,MinamiFunabashi,0
 486, 437,136,NishiFunabashi,0
 484, 444,137,IchikawaShiohama,0
 478, 429,138,ShinMatsudo,0
 461, 432,139,MinamiUrawa,0
 458, 435,140,MusashiUrawa,0
 464, 438,141,Akabane,0
 466, 439,142,Tabata,0
 468, 439,143,Nippori,0
 470, 440,144,Ueno,0
 477, 440,145,Kinshichou,0
 471, 441,146,Akihabara,0
 472, 444,147,Kanda,0
 473, 448,148,Toukyou,0
 469, 443,149,Ochanomizu,0
 464, 441,150,Ikebukuro,0
 464, 448,151,Yoyogi,0
 464, 445,152,Shinjuku,0
 472, 452,153,Shinagawa,0
 473, 458,154,Kawasaki,0
 471, 458,155,Shitte,0
 458, 451,156,NishiKokubunji,0
 461, 456,157,FuchuuHonmachi,0
 468, 461,401,MusashiKosugi,0
 455, 456,158,Tachikawa,0
 440, 436,159,Komagawa,0
 444, 449,160,Haijima,0
 428, 449,161,Okutama,0
 434, 456,162,MusashiItsukaichi,0
 447, 462,163,Hachiouji,0
 456, 466,164,Hashimoto,0
 465, 465,165,ShinYokohama,0
 471, 463,166,Tsurumi,0
 474, 464,167,Asano,0
 474, 462,168,MusashiShiraishi,0
 474, 460,169,HamaKawasaki,0
 476, 460,170,Ougimachi,0
 476, 462,171,Ookawa,0
 476, 464,172,UmiShibaura,0
 470, 466,173,HigashiKanagawa,0
 469, 468,174,Yokohama,0
 465, 476,175,Oofuna,0
 479, 481,176,Kurihama,0
 461, 479,177,Chigasaki,0
 458, 484,178,Kouzu,0
 452, 489,179,Odawara,0
 451, 498,180,Atami,0
 458, 515,181,Itou,0
 411, 475,192,Koufu,6
 394, 468,193,Kobuchizawa,0
 380, 456,194,Okaya,2
 372, 467,195,Tatsuno,1
 364, 451,196,Matsumoto,3
 368, 461,197,Shiojiri,3
 409, 427,307,Yokokawa,0
 471, 225,362,Ishinomaki,4
 414, 128,369,Kouma,0
 388, 418,376,Oomae,0
 363, 337,377,Yahiko,0
 388, 382,378,GalaYuzawa,0
 477, 221,379,Onagawa,0
 468, 195,380,Kesennuma,1
 413, 105,387,Metoki,1
 456, 230,388,Matsushima,0
 458, 240,389,Takagimachi,0
 370, 396,390,Iiyama,0
 360, 400,201,JouetsuMyoko,3
L, 36, 37,  2,0
L, 37, 38,  3,1
L, 38, 39,  4,0
L, 38, 41,  9,1
L, 38, 55,  5,0
L, 39, 41,992,0
L, 41, 42,  8,0
L, 41, 44,  9,1
L, 41,387,992,0
L, 44, 45, 11,1
L, 44, 47, 12,0
L, 44, 48, 13,0
L, 44, 61, 14,0
L, 44,369,991,0
L, 45, 46, 11,1
L, 45, 49, 16,0
L, 46, 47, 11,1
L, 47, 48, 18,1
L, 47, 50, 19,0
L, 48, 50, 20,1
L, 50, 51, 21,0
L, 50, 62, 23,1
L, 51, 52, 24,1
L, 51, 63, 25,0
L, 51,380, 26,1
L, 52, 63, 28,1
L, 52,118, 29,0
L, 52,388, 27,0
L, 53, 54, 30,0
L, 53,388,503,0
L, 53, 66, 31,0
L, 55, 56, 32,0
L, 56, 57, 34,0
L, 56,369, 35,0
L, 57, 58, 36,0
L, 58, 60, 36,0
L, 58,101, 38,0
L, 59, 66, 39,0
L, 60, 61, 40,1
L, 60, 64, 41,1
L, 61, 62, 42,1
L, 62, 65, 43,0
L, 63, 65, 44,1
L, 63, 66, 45,0
L, 64, 65, 46,0
L, 64,113, 47,1
L, 65, 67, 48,1
L, 66, 67, 49,0
L, 66, 71, 50,0
L, 66, 72, 51,1
L, 66,389, 52,1
L, 67, 68, 53,1
L, 68, 69, 54,0
L, 68, 70, 53,1
L, 70, 72, 56,0
L, 70,113, 57,1
L, 71, 72, 58,1
L, 71, 73, 59,1
L, 72, 74, 60,0
L, 73, 74, 61,1
L, 73, 78, 62,0
L, 74, 75, 63,0
L, 74,115, 64,1
L, 75, 76, 65,1
L, 75, 79, 66,1
L, 76, 77, 67,0
L, 76, 78, 65,1
L, 78,119, 69,1
L, 79, 80, 66,1
L, 80, 81, 66,1
L, 81, 82, 72,0
L, 81, 83, 66,1
L, 83, 84, 74,0
L, 83, 85, 66,1
L, 85, 86, 76,0
L, 85, 90, 77,1
L, 85,119, 78,0
L, 86, 87, 79,1
L, 86,139, 80,0
L, 86,140, 81,1
L, 86,159, 82,0
L, 87, 88, 83,1
L, 87, 89, 84,0
L, 88, 89, 85,0
L, 88,159, 86,1
L, 89, 90, 87,0
L, 89, 92, 88,1
L, 89, 98, 89,1
L, 89,307, 90,0
L, 90, 91, 91,1
L, 91, 92, 91,1
L, 91,376, 93,0
L, 92, 93, 94,0
L, 92,378, 95,0
L, 93, 94, 96,0
L, 93, 97,993,0
L, 94, 95, 96,0
L, 95, 96, 98,0
L, 95,115, 99,0
L, 96, 97,100,1
L, 96,108,101,1
L, 97,106,994,1
L, 97,390,102,1
L, 98,100,103,1
L, 99,100,104,0
L,100,103,105,1
L,100,193,106,0
L,102,103,107,1
L,102,196,108,1
L,103,390,506,0
L,105,106,111,0
L,105,201,995,1
L,106,107,113,0
L,107,108,114,1
L,107,112,115,1
L,108,109,116,0
L,109,110,117,1
L,109,111,118,1
L,110,111,119,0
L,110,116,120,1
L,111,112,121,0
L,111,117,122,1
L,112,117,123,1
L,112,377,124,0
L,113,114,125,0
L,114,116,126,0
L,114,117,127,0
L,115,116,128,1
L,116,117,129,0
L,118,362,504,1
L,118,380, 26,1
L,119,120,132,1
L,120,125,133,0
L,120,138,134,1
L,121,122,135,0
L,122,123,139,1
L,122,126,139,1
L,123,124,138,0
L,123,125,139,1
L,125,127,140,1
L,125,128,141,0
L,126,127,142,0
L,126,133,143,1
L,127,129,144,1
L,129,130,145,0
L,129,136,146,1
L,130,131,151,1
L,130,133,148,0
L,130,135,149,1
L,131,132,150,0
L,131,134,151,1
L,133,134,151,1
L,135,136,153,0
L,135,137,154,1
L,136,137,155,0
L,136,138,156,0
L,136,145,157,1
L,137,148,158,1
L,138,139,159,1
L,138,143,160,0
L,139,140,161,0
L,139,141,162,1
L,140,141,163,0
L,140,156,164,1
L,141,142,165,0
L,141,150,167,1
L,142,143,168,1
L,142,150,169,1
L,143,144,170,1
L,144,146,171,1
L,145,146,172,1
L,145,148,173,0
L,146,147,174,0
L,146,149,175,0
L,147,148,176,1
L,147,149,177,1
L,148,153,178,0
L,149,151,179,1
L,150,152,180,0
L,151,152,181,1
L,151,153,182,0
L,152,156,183,1
L,153,154,184,1
L,153,165,185,0
L,153,401,186,1
L,154,155,187,1
L,154,166,188,0
L,155,169,206,0
L,155,401,189,1
L,156,157,191,0
L,156,158,192,0
L,157,158,193,1
L,157,401,502,1
L,158,160,194,1
L,158,163,195,0
L,159,160,196,1
L,160,161,197,0
L,160,162,198,0
L,160,163,199,0
L,163,164,200,1
L,163,192,201,1
L,164,165,202,1
L,164,177,203,0
L,165,173,204,0
L,165,179,205,1
L,166,167,206,0
L,166,173,207,1
L,166,401,501,1
L,167,168,206,0
L,167,172,209,0
L,168,169,206,0
L,168,171,211,0
L,169,170,212,0
L,173,174,213,1
L,174,175,214,0
L,175,176,216,0
L,175,177,217,1
L,177,178,218,1
L,178,179,219,0
L,179,180,221,1
L,180,181,222,0
L,189,190,234,0
L,190,191,235,0
L,190,199,234,0
L,192,193,237,0
L,193,194,238,0
L,194,195,239,1
L,194,197,240,1
L,195,197,241,0
L,196,197,242,0
L,201,390,507,0
L,362,379,410,0
L,362,389,504,1
L,369,387,992,0
L,388,389,505,0
l, 50,436,189, 22,0
l, 51,436,189, 22,0
l, 55,336,118, 33,0
l, 57,336,118, 33,0
l,174,472,472,215,1
l,175,472,472,215,1
l,141,467,437,166,0
l,143,467,437,166,0
l, 37,362, 40,  1,1
