 159,  40,  1,t,1
 174, 116,  2,,1
 166, 147,  3,V,1
 160, 151,  4,,6
 147, 147,  5,[
 237, 161,  6,ԑ,1
 280, 219,  7,,1
 229, 224,  8,H,8
 168, 203,  9,V,8
 155, 179, 10,xǖ,1
 139, 154, 11,
 124, 135, 12,,0
 135, 163, 13,
 127, 178, 14,〈,6
 113, 181, 15,
 109, 177, 16,Dy,6
 104, 173, 17,K
 129, 157, 18,V\Ð,0
 137, 199, 19,V[,0
 136, 185, 20,[
 122, 197, 21,Ǖ
 112, 198, 22,
 103, 200, 23,V΋`,0
 113, 205, 24,m[,8
 108, 207, 25,Ϗq
 159, 260, 26,l,1
  85, 214, 27,,6
  75, 216, 28,
  59, 194, 29,,6
  60, 216, 30,X
  61, 229, 31,
  59, 239, 32,ܗŊs,1
  61, 248, 33,,1
  47, 246, 34,،Ó,6
  40, 228, 35,]
L,  1,  2, 1,1
L,  2,  3, 2,1
L,  3,  4, 3,
L,  3,  6, 4,1
L,  4,  5, 5,1
L,  4, 10, 6,1
L,  5, 11, 7,1
L,  5, 12, 8,
L,  6,  8, 9,1
L,  7,  8,10,
L,  8,  9,11,1
L,  9, 10,12,1
L,  9, 19,13,
L, 10, 11,14,
L, 11, 13,15,1
L, 13, 14,16,1
L, 14, 15,17,
L, 14, 21,18,1
L, 15, 16,19,1
L, 15, 22,20,1
L, 16, 17,21,1
L, 17, 18,22,
l, 17, 80,170, 23, 1
l, 29, 80,170, 23, 1
L, 19, 20,24,
L, 19, 21,25,
L, 21, 24,26,1
L, 21, 22,27,
L, 22, 23,28,
L, 22, 24,29,1
L, 24, 25,30,
L, 25, 26,31,
L, 25, 27,32,
L, 27, 28,33,
L, 27, 29,34,
L, 29, 30,35,1
L, 30, 31,36,1
L, 31, 32,37,1
L, 32, 33,38,
L, 32, 34,39,1
L, 34, 35,40,
l, 30,  66, 222,41,0
l, 31,  66, 222,41,0
l,34,47, 255, 39,1
t,32,265,10,{B
