144,20,316,門司港
137,24,317,門司
138,33,318,小倉,1
136,44,319,西小倉
129,22,320,若松
120,35,321,折尾,6
123,56,322,新飯塚
88,51,323,西戸崎
102,44,324,香椎,6
100,51,325,吉塚
108,57,326,長者原
118,65,327,桂川
99,57,328,博多
91,72,329,博多南
101,75,330,原田
145,50,331,城野,1
131,67,332,田川後藤寺,1
102,83,333,鳥栖,1
106,95,334,久留米,1
137,87,335,夜明,1
197,96,336,大分,1
85,92,337,久保田
45,93,338,伊万里
63,87,339,山本
55,79,340,唐津
48,69,341,西唐津
80,65,342,姪浜
65,106,343,肥前山口,1
63,138,344,諫早,1
47,111,345,早岐,8
32,101,346,佐世保,6
56,143,347,喜々津
49,149,348,浦上
43,156,349,長崎,8
123,143,350,熊本,3
120,155,351,宇土
120,165,352,新八代,1
113,169,353,八代
134,217,354,吉松,1
187,232,355,南宮崎,1
187,245,356,田吉
168,244,357,都城,6
129,250,358,隼人,8
100,200,359,新水俣
84,296,360,枕崎,3
95,218,361,出水
106,65,368,宇美
156,278,374,志布志,4
196,242,375,宮崎空港
95,244,388,川内,3
100,161,389,三角
107,271,390,鹿児島中央,3
115,258,391,鹿児島,6
L,316,317,901,0
L,317,318,902,0
L,318,319,  1,1
L,318,328, 42,0
L,319,321,  2,0
L,319,331, 18,1
L,320,321, 19,0
L,321,322, 26,1
L,321,324,  3,1
L,322,327, 28,0
L,322,332, 27,1
L,323,324, 20,0
L,324,325,  4,1
L,324,326, 32,0
L,325,326, 31,1
L,325,328,  5,0
L,326,327, 29,1
L,326,368, 30,0
L,327,330, 33,1
L,328,329, 21,0
L,328,330,  6,0
L,330,333,  7,1
L,331,332, 34,0
L,331,336, 17,1
L,332,335, 35,1
L,333,334,  8,0
L,333,337, 22,1
L,334,335, 36,1
L,334,350,  9,1
L,335,336, 37,0
L,336,350, 38,0
L,336,355, 16,1
L,337,339,903,0
L,337,343, 22,1
L,338,339,904,0
L,339,340,905,0
L,340,341,906,0
L,340,342,907,0
L,343,344, 22,1
L,343,345, 22,1
L,344,345, 22,1
L,344,347,908,0
L,345,346,909,0
L,347,348,910,0
l,347, 51,142,911,0
l,348, 51,142,911,0
L,348,349,912,0
L,350,351, 10,1
L,351,352, 11,1
L,351,389, 23,0
L,352,353, 39,0
L,352,359, 12,1
L,353,354, 39,0
L,354,357, 41,1
L,354,358, 40,1
L,355,356, 25,0
L,355,357, 15,1
L,356,374, 25,0
L,356,375,913,0
L,357,358, 14,0
L,358,391, 13,1
L,359,361, 12,1
L,360,390, 24,0
L,361,388, 12,1
L,388,390,914,0
l,388, 90,256, 12,1
l,390, 90,256, 12,1
L,390,391, 13,1
l,318,165, 15,  1,1
l,317,145, 10,901,0
t,145,13,10,本州から
