 352,  65, 36,Minmaya,0
 362,  80, 37,NakaOguni,3
 374,  83, 38,ShinAomori,6
 396,  73, 39,Noheji,8
 377,  43, 40,Oominato,0
 412,  87, 41,Hachinohe,6
 440, 100, 42,Kuji,0
 354, 597, 43,Toba,0
 424, 146, 44,Morioka,3
 458, 132, 45,Moichi,1
 470, 151, 46,Kamaishi,1
 438, 163, 47,ShinHanamaki,0
 430, 165, 48,Hanamaki,3
 445, 112, 49,Iwaizumi,0
 436, 174, 50,Kitakami,1
 446, 200, 51,Ichinoseki,3
 455, 223, 52,Kogota,6
 456, 241, 53,Iwakiri,0
 459, 234, 54,Rifu,0
 368,  99, 55,Kawabe,0
 378, 117, 56,Oodate,0
 360, 139, 57,HigashiNoshiro,0
 370, 163, 58,Oiwake,0
 451, 244, 59,Aobadoori,0
 375, 171, 60,Akita,3
 396, 178, 61,Oomagari,6
 408, 188, 62,Yokote,3
 448, 225, 63,Furukawa,7
 386, 232, 64,Amarume,3
 408, 224, 65,Shinjou,8
 454, 249, 66,Sendai,1
 426, 249, 67,UzenChitose,0
 427, 258, 68,KitaYamagata,5
 415, 254, 69,Aterazawa,0
 429, 292, 70,Yonezawa,4
 458, 260, 71,Iwanuma,1
 448, 292, 72,Fukushima,1
 487, 329, 73,Iwaki,1
 455, 317, 74,Kooriyama,5
 450, 328, 75,AsakaNagamori,7
 479, 373, 76,KamiSugaya,0
 481, 360, 77,HitachiOota,0
 487, 383, 78,Mito,1
 453, 340, 79,ShinShirakawa,0
 449, 359, 80,NasuShiobara,0
 456, 373, 81,Houshakuji,0
 461, 366, 82,Karasuyama,0
 453, 383, 83,Utsunomiya,7
 432, 378, 84,Nikkou,0
 456, 398, 85,Oyama,1
 454, 428, 86,Oomiya,2
 434, 423, 87,Kumagaya,0
 421, 418, 88,Kuragano,8
 414, 420, 89,Takasaki,3
 417, 412, 90,ShinMaebashi,1
 406, 402, 91,Shibukawa,0
 391, 387, 92,EchigoYuzawa,1
 393, 378, 93,Muikamachi,0
 386, 373, 94,Urasa,0
 389, 363, 95,Koide,0
 378, 359, 96,EchigoKawaguchi,1
 376, 380, 97,Tookamachi,0
 401, 425, 98,Karuizawa,0
 390, 434, 99,Komoro,0
 394, 441,100,Sakudaira,0
 354, 166,101,Oga,0
 364, 427,102,Shinonoi,0
 366, 419,103,Nagano,3
 366, 411,104,Toyono,1
 355, 382,105,Naoetsu,3
 359, 376,106,Saigata,0
 362, 367,107,Kashiwazaki,3
 373, 352,108,Miyauchi,3
 377, 344,109,Nagaoka,1
 380, 327,110,HigashiSanjou,0
 374, 327,111,TsubameSanjou,0
 369, 332,112,Yoshida,0
 387, 297,113,Sakamachi,3
 386, 306,114,Shibata,0
 429, 323,115,AizuWakamatsu,8
 383, 319,116,Niitsu,5
 372, 315,117,Niigata,3
 462, 221,118,Maeyachi,1
 480, 388,119,Tomobe,0
 481, 421,120,Abiko,0
 520, 418,121,Choushi,0
 513, 424,122,Matsugishi,6
 507, 419,123,Katori,0
 505, 405,124,KashimaSoccer,0
 493, 425,125,Narita,6
 508, 434,126,Narutou,1
 497, 433,127,Sakura,3
 499, 425,128,NaritaAirport,0
 493, 441,129,Chiba,0
 494, 450,130,Soga,3
 489, 464,131,Kisarazu,0
 500, 468,132,KazusaKameyama,0
 507, 445,133,Ooami,1
 502, 478,134,AwaKamogawa,8
 487, 444,135,MinamiFunabashi,0
 486, 437,136,NishiFunabashi,0
 484, 444,137,IchikawaShiohama,0
 478, 429,138,ShinMatsudo,0
 461, 432,139,MinamiUrawa,0
 458, 435,140,MusashiUrawa,0
 464, 438,141,Akabane,0
 466, 439,142,Tabata,0
 468, 439,143,Nippori,0
 470, 440,144,Ueno,0
 477, 440,145,Kinshichou,0
 471, 441,146,Akihabara,0
 472, 444,147,Kanda,0
 473, 448,148,Toukyou,0
 469, 443,149,Ochanomizu,0
 464, 441,150,Ikebukuro,0
 464, 448,151,Yoyogi,0
 464, 445,152,Shinjuku,0
 472, 452,153,Shinagawa,0
 473, 458,154,Kawasaki,0
 471, 458,155,Shitte,0
 458, 451,156,NishiKokubunji,0
 461, 456,157,FuchuuHonmachi,0
 468, 461,401,MusashiKosugi,0
 455, 456,158,Tachikawa,0
 440, 436,159,Komagawa,0
 444, 449,160,Haijima,0
 428, 449,161,Okutama,0
 434, 456,162,MusashiItsukaichi,0
 447, 462,163,Hachiouji,0
 456, 466,164,Hashimoto,0
 465, 465,165,ShinYokohama,0
 471, 463,166,Tsurumi,0
 474, 464,167,Asano,0
 474, 462,168,MusashiShiraishi,0
 474, 460,169,HamaKawasaki,0
 476, 460,170,Ougimachi,0
 476, 462,171,Ookawa,0
 476, 464,172,UmiShibaura,0
 470, 466,173,HigashiKanagawa,0
 469, 468,174,Yokohama,0
 465, 476,175,Oofuna,0
 479, 481,176,Kurihama,0
 461, 479,177,Chigasaki,0
 458, 484,178,Kouzu,0
 452, 489,179,Odawara,0
 451, 498,180,Atami,0
 458, 515,181,Itou,0
 444, 501,182,Mishima,8
 439, 501,183,Numazu,6
 428, 503,184,Fuji,3
 423, 524,185,Shizuoka,3
 413, 544,186,Kakegawa,1
 394, 558,187,Hamamatsu,8
 375, 562,188,Toyohashi,8
 352, 554,189,MikawaAnjou,0
 346, 556,190,Oobu,0
 346, 572,191,Taketoyo,0
 411, 475,192,Koufu,6
 394, 468,193,Kobuchizawa,0
 380, 456,194,Okaya,2
 372, 467,195,Tatsuno,1
 364, 451,196,Matsumoto,3
 368, 461,197,Shiojiri,3
 346, 532,198,Tajimi,6
 342, 551,199,Kanayama,0
 339, 548,200,Nagoya,2
 337, 402,201,Itoigawa,3
 315, 438,202,Toyama,1
 337, 527,204,MinoOota,0
 327, 536,205,Gifu,6
 321, 537,206,Oogaki,0
 329, 569,207,Kawarada,0
 301, 441,208,Takaoka,0
 297, 427,209,Himi,0
 305, 460,210,Jouhana,0
 292, 451,211,Tsubata,3
 284, 419,212,WakuraOnsen,0
 279, 510,213,EchizenHanandou,0
 309, 508,214,Kuzuryuuko,0
 285, 532,215,Tsuruga,3
 291, 537,216,OumiShiotsu,6
 305, 549,217,Maibara,4
 295, 573,218,Kusatsu,2
 289, 579,219,Yamashina,3
 286, 585,220,Kyouto,8
 322, 581,221,Kameyama,1
 311, 586,222,Tsuge,6
 294, 600,223,Kizu,0
 295, 609,224,Nara,1
 291, 614,225,Ouji,0
 297, 625,226,Takada,1
 327, 588,227,Tsu,0
 289, 617,228,Kyuuhouji,0
 331, 595,229,Matsusaka,3
 339, 603,230,Taki,0
 275, 649,231,Wakayama,8
 277, 635,232,Hineno,0
 280, 630,233,Ootori,0
 281, 627,234,Sugimotochou,0
 285, 618,235,Tennouji,0
 285, 611,236,Kyoubashi,0
 279, 614,237,KitaShinchi,0
 279, 605,238,ShinOosaka,0
 277, 610,239,Oosaka,0
 276, 616,240,NishiKujou,0
 256, 576,241,Ayabe,8
 280, 619,242,Imamiya,0
 283, 616,243,JRNamba,0
 270, 613,244,Amagasaki,0
 254, 596,245,Tanikawa,3
 248, 578,246,Fukuchiyama,6
 232, 582,247,Wadayama,6
 260, 619,248,Koube,0
 255, 622,249,Hyougo,0
 249, 622,250,NishiAkashi,8
 242, 617,251,Kakogawa,0
 232, 618,252,Himeji,8
 219, 625,253,Aioi,8
 220, 576,254,Toyooka,0
 190, 584,255,Tottori,6
 204, 593,256,Chizu,0
 216, 612,257,Sayo,0
 200, 607,258,HigashiTsuyama,8
 192, 612,259,Tsuyama,3
 211, 625,260,Kamigoori,0
 203, 644,261,HigashiOkayama,0
 194, 649,262,Okayama,1
 196, 659,263,Chayamachi,0
 196, 671,265,to Shikoku,1
 190, 658,281,Kurashiki,8
 181, 648,282,Souja,0
 170, 637,283,Niimi,8
 163, 639,284,BicchuuKoujiro,6
 154, 604,285,HoukiDaisen,6
 147, 609,286,Yonago,8
 126, 616,287,Shinji,6
 152, 644,288,BingoOchiai,3
 148, 656,289,Shiomachi,8
 182, 660,290,ShinKurashiki,0
 170, 671,291,Fukuyama,8
 156, 682,292,Mihara,0
 130, 700,293,Kaitaichi,0
 138, 661,294,Miyoshi,8
 122, 696,295,Hiroshima,6
  98, 656,296,Goutsu,3
 122, 703,297,Yokogawa,0
 118, 709,298,Miyajimaguchi,0
 112, 718,299,Iwakuni,1
 100, 736,300,Kushigahama,8
  93, 733,301,Tokuyama,6
  75, 735,302,ShinYamaguchi,8
  85, 687,303,Masuda,3
  60, 719,304,Senzaki,0
  60, 726,305,Nagatoshi,3
  60, 734,306,MinamiOomine,0
 409, 427,307,Yokokawa,0
  68, 751,308,Inou,0
  68, 742,309,Ube,0
  62, 751,310,Suzumeda,0
  63, 742,311,Onoda,0
  57, 751,312,NagatoMotoyama,0
  59, 742,313,Asa,0
  51, 748,314,ShinShimonoseki,8
  46, 747,315,Hatabu,0
 471, 225,362,Ishinomaki,4
 240, 565,363,Miyazu,0
 273, 629,364,HigashiHagoromo,0
 266, 648,365,Wakayamashi,0
 267, 634,366,KansaiAirport,0
 323, 607,367,IseOkitsu,0
 414, 128,369,Kouma,0
 257, 627,370,Wadamisaki,0
 203, 662,371,Uno,0
 143, 600,372,Sakaiminato,0
 312, 530,373,MinoAkasaka,0
 388, 418,376,Oomae,0
 363, 337,377,Yahiko,0
 388, 382,378,GalaYuzawa,0
 477, 221,379,Onagawa,0
 468, 195,380,Kesennuma,1
 473, 175,381,Sakari,0
 122, 711,382,Miyajima,0
 110, 700,383,AkiKameyama,0
 255, 556,384,NishiMaizuru,0
 254, 550,385,HigashiMaizuru,6
 272, 617,386,Sakurajima,0
 413, 105,387,Metoki,1
 456, 230,388,Matsushima,0
 458, 240,389,Takagimachi,0
 370, 396,390,Iiyama,0
 326, 430,391,KurobeUnazukiOnsen,0
 288, 607,410,Hanaten,0
 287, 609,411,Shigino,0
 288, 460,412,Kanazawa,3
L, 36, 37,  2,0
L, 37, 38,  3,1
L, 38, 41,  9,1
L, 38, 55,  5,0
L, 39, 40,  6,0
L, 41, 42,  8,0
L, 41, 44,  9,1
L, 43,230, 10,0
L, 44, 45, 11,1
L, 44, 47, 12,0
L, 44, 48, 13,0
L, 44, 61, 14,0
L, 45, 46, 11,1
L, 45, 49, 16,0
L, 46, 47, 11,1
L, 47, 48, 18,1
L, 47, 50, 19,0
L, 48, 50, 20,1
L, 50, 51, 21,0
L, 50, 62, 23,1
L, 51, 52, 24,1
L, 51, 63, 25,0
L, 51,380, 26,1
L, 52, 63, 28,1
L, 52,118, 29,0
L, 52,388, 27,0
L, 53, 54, 30,0
L, 53,388,503,0
L, 53, 66, 31,0
L, 55, 56, 32,0
L, 56, 57, 34,0
L, 56,369, 35,0
L, 57, 58,  5,0
L, 58, 60,  5,0
L, 58,101, 38,0
L, 59, 66, 39,0
L, 60, 61, 40,1
L, 60, 64, 41,1
L, 61, 62, 42,1
L, 62, 65, 43,0
L, 63, 65, 44,1
L, 63, 66, 45,0
L, 64, 65, 46,0
L, 64,113, 47,1
L, 65, 67, 48,1
L, 66, 67, 49,0
L, 66, 71, 50,0
L, 66, 72, 51,1
L, 66,389, 52,1
L, 67, 68, 53,1
L, 68, 69, 54,0
L, 68, 70, 53,1
L, 70, 72, 56,0
L, 70,113, 57,1
L, 71, 72, 58,1
L, 71, 73, 59,1
L, 72, 74, 60,0
L, 73, 74, 61,1
L, 73, 78, 62,0
L, 74, 75, 63,0
L, 74,115, 64,1
L, 75, 76, 65,1
L, 75, 79, 66,1
L, 76, 77, 67,0
L, 76, 78, 65,1
L, 78,119, 69,1
L, 79, 80, 66,1
L, 80, 81, 66,1
L, 81, 82, 72,0
L, 81, 83, 66,1
L, 83, 84, 74,0
L, 83, 85, 66,1
L, 85, 86, 76,0
L, 85, 90, 77,1
L, 85,119, 78,0
L, 86, 87, 79,1
L, 86,139, 80,0
L, 86,140, 81,1
L, 86,159, 82,0
L, 87, 88, 83,1
L, 87, 89, 84,0
L, 88, 89, 85,0
L, 88,159, 86,1
L, 89, 90, 87,0
L, 89, 92, 88,1
L, 89, 98, 89,1
L, 89,307, 90,0
L, 90, 91, 91,1
L, 91, 92, 91,1
L, 91,376, 93,0
L, 92, 93, 94,0
L, 92,378, 95,0
L, 93, 94, 94,0
L, 94, 95, 94,0
L, 95, 96, 98,0
L, 95,115, 99,0
L, 96, 97,100,1
L, 96,108,101,1
L, 97,390,100,1
L, 98,100,103,1
L, 99,100,104,0
L,100,103,105,1
L,100,193,106,0
L,102,103,107,1
L,102,196,108,1
L,103,390,506,0
L,105,106,111,0
L,105,201,112,1
L,106,107,111,0
L,107,108,114,1
L,107,112,115,1
L,108,109,116,0
L,109,110,117,1
L,109,111,118,1
L,110,111,119,0
L,110,116,120,1
L,111,112,121,0
L,111,117,122,1
L,112,117,123,1
L,112,377,124,0
L,113,114,125,0
L,114,116,126,0
L,114,117,127,0
L,115,116,128,1
L,116,117,129,0
L,118,362,504,1
L,118,380, 26,1
L,119,120,132,1
L,120,125,133,0
L,120,138,134,1
L,121,122,135,0
L,122,123,139,1
L,122,126,139,1
L,123,124,138,0
L,123,125,139,1
L,125,127,140,1
L,125,128,141,0
L,126,127,142,0
L,126,133,143,1
L,127,129,144,1
L,129,130,145,0
L,129,136,146,1
L,130,131,151,1
L,130,133,148,0
L,130,135,149,1
L,131,132,150,0
L,131,134,151,1
L,133,134,151,1
L,135,136,153,0
L,135,137,154,1
L,136,137,155,0
L,136,138,156,0
L,136,145,157,1
L,137,148,158,1
L,138,139,159,1
L,138,143,160,0
L,139,140,161,0
L,139,141,162,1
L,140,141,163,0
L,140,156,164,1
L,141,142,165,0
L,141,150,167,1
L,142,143,168,1
L,142,150,169,1
L,143,144,170,1
L,144,146,171,1
L,145,146,172,1
L,145,148,173,0
L,146,147,174,0
L,146,149,175,0
L,147,148,176,1
L,147,149,177,1
L,148,153,178,0
L,149,151,179,1
L,150,152,180,0
L,151,152,181,1
L,151,153,182,0
L,152,156,183,1
L,153,154,184,1
L,153,165,185,0
L,153,401,186,1
L,154,155,187,1
L,154,166,188,0
L,155,169,206,0
L,155,401,189,1
L,156,157,191,0
L,156,158,192,0
L,157,158,193,1
L,157,401,502,1
L,158,160,194,1
L,158,163,195,0
L,159,160,196,1
L,160,161,197,0
L,160,162,198,0
L,160,163,199,0
L,163,164,200,1
L,163,192,201,1
L,164,165,202,1
L,164,177,203,0
L,165,173,204,0
L,165,179,205,1
L,166,167,206,0
L,166,173,207,1
L,166,401,501,1
L,167,168,206,0
L,167,172,209,0
L,168,169,206,0
L,168,171,211,0
L,169,170,212,0
L,173,174,213,1
L,174,175,214,0
L,175,176,216,0
L,175,177,217,1
L,177,178,218,1
L,178,179,219,0
L,179,180,221,1
L,180,181,222,0
L,180,182,221,1
L,182,183,224,0
L,182,185,225,1
L,183,184,226,1
L,184,185,227,0
L,184,192,228,1
L,185,186,229,1
L,186,187,230,1
L,187,188,231,1
L,188,189,232,0
L,188,195,233,1
L,189,190,234,0
L,190,191,235,0
L,190,199,234,0
L,192,193,237,0
L,193,194,238,0
L,194,195,239,1
L,194,197,240,1
L,195,197,241,0
L,196,197,242,0
L,196,201,243,1
L,197,198,244,1
L,198,199,245,1
L,198,204,246,0
L,199,200,247,1
L,200,205,248,0
L,200,207,249,1
L,200,217,250,0
L,201,390,507,0
L,201,391,508,0
L,202,204,253,1
L,202,391,521,0
L,202,412,522,0
L,204,205,255,1
L,205,206,256,1
L,206,217,256,1
L,206,373,258,0
L,207,221,249,1
L,208,209,260,0
L,208,210,261,0
L,211,212,263,0
L,213,214,265,0
L,213,215,254,1
L,213,412,254,1
L,215,216,267,0
L,215,385,268,1
L,216,217,269,1
L,216,219,270,1
L,217,218,271,0
L,218,219,272,1
L,218,222,273,1
L,219,220,274,0
L,220,223,275,0
L,220,238,276,1
L,220,241,277,1
L,221,222,278,0
L,221,227,279,1
L,222,223,280,1
L,223,224,281,0
L,223,410,481,0
L,224,225,283,1
L,225,226,285,0
L,225,228,286,1
L,226,231,287,1
L,227,229,279,1
L,228,235,484,1
L,228,410,480,0
L,229,230,279,1
L,229,367,291,0
L,231,232,293,0
L,231,365,294,0
L,232,233,293,0
L,232,366,296,0
L,233,234,293,0
L,233,364,298,0
L,234,235,293,0
L,235,236,300,0
L,235,242,307,1
L,236,239,303,1
L,236,244,302,0
L,236,411,483,0
L,238,239,305,0
L,238,250,306,1
L,238,411,485,0
L,239,240,307,1
L,239,244,308,0
L,240,242,307,1
L,240,386,310,0
L,241,246,311,0
L,241,384,268,1
L,242,243,313,0
L,244,245,314,1
L,244,248,315,1
L,245,246,316,1
L,245,251,317,0
L,246,247,318,1
L,247,252,319,0
L,247,254,320,1
L,248,249,321,1
L,249,250,322,1
L,249,370,323,0
L,250,251,324,0
L,251,252,325,0
L,252,253,326,1
L,252,257,327,1
L,253,260,328,0
L,253,261,329,1
L,254,255,320,1
L,255,256,331,1
L,255,285,332,0
L,256,258,333,1
L,257,258,334,1
L,258,259,335,0
L,259,262,336,1
L,259,283,337,1
L,260,261,338,0
L,261,262,339,1
L,262,263,340,0
L,262,281,341,0
L,262,282,342,0
L,263,265,343,0
L,263,371,344,0
L,281,282,345,1
L,281,290,346,1
L,282,283,347,1
L,283,284,348,0
L,284,285,349,1
L,284,288,350,1
L,285,286,351,1
L,286,287,352,1
L,286,372,353,0
L,287,288,354,0
L,287,296,355,1
L,288,289,356,1
L,289,291,357,1
L,289,294,358,0
L,290,291,359,1
L,291,292,361,0
L,292,293,362,0
L,292,295,364,0
L,293,295,365,0
L,294,295,366,1
L,295,297,368,1
L,295,301,369,0
L,296,303,370,0
L,297,298,368,1
L,297,383,372,0
L,298,299,368,1
L,298,382,374,0
L,299,300,376,1
L,300,301,368,1
L,301,302,378,1
L,302,303,379,1
L,302,308,380,0
L,302,309,381,0
L,303,305,382,1
L,304,305,383,0
L,305,306,384,1
L,305,315,385,0
L,306,313,384,1
L,308,309,381,0
L,308,310,381,0
L,309,311,389,0
L,310,311,381,0
L,310,312,391,0
L,311,313,381,0
L,313,314,393,1
L,314,315,385,0
L,362,379,410,0
L,362,389,504,1
L,380,381,411,0
L,384,385,268,1
L,388,389,505,0
L,410,411,482,0
l, 50,436,189, 22,0
l, 51,436,189, 22,0
l, 55,336,118, 5,0
l, 57,336,118, 5,0
l,174,472,472,215,1
l,175,472,472,215,1
l,178,442,484,220,1
l,183,442,484,220,1
l,224,303,617,284,1
l,226,303,617,284,1
l,230,309,678,279,1
l,231,309,678,279,1
l,291,164,671,360,0
l,292,164,671,360,0
l,292,156,698,363,0
l,293,156,698,363,0
l,299,112,736,368,0
l,300,112,736,368,0
l,141,467,437,166,0
l,143,467,437,166,0
l, 37,362, 40,  1,1
t,337,38,10,to Hokkaidou
l,314, 40,760
t,35,769,10,to
t,35,779,10,Kyushu
l,315, 40,755,396,0
L,207,227,403
L,256,257,404
L,257,260,405
L,93,97,406
L,97,106,407
L,254,363,408
L,363,384,409
L,246,363,410
L,44,369,411
L,369,387,412
L,41,387,413
