144,20,316,mojikou
137,24,317,moji
138,33,318,kokura
136,44,319,nishi-kokura,1
129,22,320,wakamatsu
120,35,321,orio,2
123,56,322,shin-iizuka
88,51,323,saitozaki
102,44,324,kashii,3
100,51,325,yosizuka
108,57,326,choujabaru,1
118,65,327,keisen
99,57,328,hakata,3
101,75,330,haruda,1
145,50,331,jouno
131,67,332,tagawa-gotouji,1
102,83,333,tosu,1
106,95,334,kurume,4
137,87,335,yoake,4
197,96,336,ooita,1
85,92,337,kubota,4
45,93,338,imari
63,87,339,yamamoto
55,79,340,karatsu,4
48,69,341,nishi-karatsu
80,65,342,meinohama
65,106,343,hizen-yamaguchi
63,138,344,isahaya
47,111,345,haiki
32,101,346,sasebo
56,143,347,kikitu
49,149,348,urakami
43,156,349,nagasaki,3
123,143,350,kumamoto,1
120,155,351,uto
120,165,352,shin-yatsushiro,1
113,169,353,yatsushiro
134,217,354,yoshimatsu,2
187,232,355,minami-miyazaki,1
187,245,356,tayoshi
168,244,357,miyakonojou
129,250,358,hayato,4
100,200,359,shin-minamata
84,296,360,makurazaki
95,218,361,izumi
106,65,368,umi
156,278,374,shibushi
196,242,375,miyazaki-kuukou
95,244,388,sendai
100,161,389,misumi
107,271,390,kagoshima-chuuou,4
115,258,391,kagoshima
95,86,392,shin-tosu
L,316,317,901,0
L,317,318,902,0
L,318,319,  1,1
L,318,328, 42,0
L,319,321,  2,0
L,319,331, 18,1
L,320,321, 19,0
L,321,322, 26,1
L,321,324,  3,1
L,322,327, 28,0
L,322,332, 27,1
L,323,324, 20,0
L,324,325,  4,1
L,324,326, 32,0
L,325,326, 31,1
L,325,328,  5,0
L,326,327, 29,1
L,326,368, 30,0
L,327,330, 33,1
L,328,330,  6,0
L,330,333,  7,1
L,331,332, 34,0
L,331,336, 17,1
L,332,335, 35,1
L,333,334,  8,0
L,333,392, 22,1
L,334,335, 36,1
L,334,350,  9,1
L,335,336, 37,0
L,336,350, 38,0
L,336,355, 16,1
L,337,339,903,0
L,337,343,101,1
L,337,392,105,1
L,338,339,904,0
L,339,340,905,0
L,340,341,906,0
L,340,342,907,0
L,343,344,102,1
L,343,345,103,1
L,344,345,104,1
L,344,347,908,0
L,345,346,909,0
L,347,348,910,0
l,347, 51,142,911,0
l,348, 51,142,911,0
L,348,349,912,0
L,350,351, 10,1
L,351,352, 11,1
L,351,389, 23,0
L,352,353,922,0
L,352,359, 12,1
L,353,354, 39,0
L,353,359,921,0
L,354,357, 41,1
L,354,358, 40,1
L,355,356, 25,0
L,355,357, 15,1
L,356,374, 25,0
L,356,375,913,0
L,357,358, 14,0
L,358,391, 13,1
L,359,361, 12,1
L,359,361,921,0
L,360,390, 24,0
L,361,388, 12,1
L,361,388,921,1
L,388,390,9140,0
L,328,392,916,0
L,334,392,917,0
l,388, 90,256, 914,1
l,390, 90,256, 914,1
L,390,391, 13,1
L,328,342,920,1
